0.000000000000000000e+00,2.060000000000000000e+02,2.460000000000000000e+02,2.900000000000000000e+02,1.980000000000000000e+02,2.300000000000000000e+02
2.060000000000000000e+02,0.000000000000000000e+00,2.980000000000000000e+02,2.320000000000000000e+02,2.640000000000000000e+02,2.960000000000000000e+02
2.460000000000000000e+02,2.980000000000000000e+02,0.000000000000000000e+00,2.860000000000000000e+02,1.920000000000000000e+02,2.420000000000000000e+02
2.900000000000000000e+02,2.320000000000000000e+02,2.860000000000000000e+02,0.000000000000000000e+00,3.180000000000000000e+02,2.740000000000000000e+02
1.980000000000000000e+02,2.640000000000000000e+02,1.920000000000000000e+02,3.180000000000000000e+02,0.000000000000000000e+00,2.840000000000000000e+02
2.300000000000000000e+02,2.960000000000000000e+02,2.420000000000000000e+02,2.740000000000000000e+02,2.840000000000000000e+02,0.000000000000000000e+00
