0.000000000000000000e+00,2.240000000000000000e+02,1.980000000000000000e+02,2.260000000000000000e+02,2.840000000000000000e+02,2.980000000000000000e+02
2.240000000000000000e+02,0.000000000000000000e+00,1.580000000000000000e+02,2.980000000000000000e+02,2.080000000000000000e+02,2.800000000000000000e+02
1.980000000000000000e+02,1.580000000000000000e+02,0.000000000000000000e+00,2.880000000000000000e+02,2.160000000000000000e+02,2.380000000000000000e+02
2.260000000000000000e+02,2.980000000000000000e+02,2.880000000000000000e+02,0.000000000000000000e+00,2.680000000000000000e+02,2.800000000000000000e+02
2.840000000000000000e+02,2.080000000000000000e+02,2.160000000000000000e+02,2.680000000000000000e+02,0.000000000000000000e+00,2.460000000000000000e+02
2.980000000000000000e+02,2.800000000000000000e+02,2.380000000000000000e+02,2.800000000000000000e+02,2.460000000000000000e+02,0.000000000000000000e+00
