,clustal_aib_quicktree,kalig_aib_quicktree,muscle_aib_rapidnj,kalig_aib_rapidnj,muscle_aib_quicktree,clustal_aib_rapidnj
clustal_aib_quicktree,0,224,198,226,284,298
kalig_aib_quicktree,224,0,158,298,208,280
muscle_aib_rapidnj,198,158,0,288,216,238
kalig_aib_rapidnj,226,298,288,0,268,280
muscle_aib_quicktree,284,208,216,268,0,246
clustal_aib_rapidnj,298,280,238,280,246,0
